00600002000000000000000000380000000000577680005000000000012131
00600002000000000000000000390000000001486780005000000000031222
00600002000000000000000000400000000000404960005000000000008504
00600002000000000000000000410000000000904080004000000000009493
00600002000000000000000000420000000001900000005000000000039900
00600002000000000000000000430000000001982640005000000000041636
00600002000000000000000000440000000003304960005000000000069404
00600002000000000000000000450000000002147930005000000000045107
00600002000000000000000000460000000003552070005000000000074593
00600002000000000000000000470000000005947930005000000000124907
00600002000000000000000000480000000000825620005000000000017338
00600002000000000000000000490000000002230580005000000000046842
00600002000000000000000000500000000002230580005000000000046842
00600002000000000000000000510000000002230570005000000000046842
00600002000000000000000000520000000003057020005000000000064197
00600002000000000000000000530000000001156190005000000000024280
00600002000000000000000000540000000002313220005000000000048578
00600002000000000000000000550000000000411570005000000000008643
00600002000000000000000000560000000001568600005000000000032941
00600002000000000000000000570000000003965290005000000000083271
00600002000000000000000000580000000003386780005000000000071122
00600002000000000000000000590000000004213230005000000000088478
00600002000000000000000000600000000003304960005000000000069404
00600002000000000000000000610000000001734710005000000000036429
00600002000000000000000000620000000001734710005000000000036429
00600002000000000000000000630000000002230580005000000000046842
00600002000000000000000000640000000002395860005000000000050313
00600002000000000000000000650000000002147930005000000000045107
00600002000000000000000000660000000002147930005000000000045107
00600002000000000000000000670000000002147930005000000000045107
00600002000000000000000000680000000001486770005000000000031222
00600002000000000000000000690000000001652060005000000000034693
00600002000000000000000000700000000003304960005000000000069404
00600002000000000000000000710000000002147930005000000000045107
00600002000000000000000000720000000001320660005000000000027734
00600002000000000000000000730000000000825620005000000000017338
00600002000000000000000000740000000003304960005000000000069404
00600002000000000000000000750000000002974380005000000000062462
00600002000000000000000000760000000000825620005000000000017338
00600002000000000000000000770000000001652890005000000000034711
00600002000000000000000000780000000001734710005000000000036429
00600002000000000000000000790000000001734710005000000000036429
00600002000000000000000000800000000002065290005000000000043371
00600002000000000000000000810000000002354540005000000000049445
